lead0 = [

1651 3895 6130 8217 10407 12702 14933 16965 19131 21375 23358 25388 27484 30013 32353 34695 36965 39193 41457 43543 45684 47690 49697 51791 53637 55456 57743 59927 62051 64145 66278 68354 70458 72463 74710 76980 79202 81399 83670 85886 88057 90313 92520 94743 97000 99248 101398 103563 105813 108110 110408 112557 114674 116889 118990 121131 123161 125311 127371 129375 131252 133305 135343 137315 139265 141192 143237 145207 147163 149057 151295 153546 155868 158088 160230 162475 164496 166324 168613 170672 172663 174868 176962 179035 181156 183202 185254 187351 188582 191252 193360 195437 197426 199462 201516 203602 205794 207972 210056 212180 214304 216335 218313 220293 222337 224143 226361 228712 230921 233172 235406 237532 239696 241915 243991 246068 248111 250236 252281 254349 256409 258510 260456 262727 265198 267444 269755 271971 274099 276223 278496 280764 282957 285041 287177 289413 291533 293591 295674 297825 299924 301833 304163 306591 308915 311095 313387 315631 317741 319758 321910 324073 326146 328173 330456 332772 334973 337099 339210 341532 343563 345795 348238 350616 352819 355121 357376 359593 361837 364121 366356 368317 370399 372570 374767 376857 378854 381250 383759 386123 388608 391043 393353 395527 397748 399325 401737 403896 405895 407801 410346 412690 414747 417009 419313 421613 423740 425608 427433 429417 431645 433759 435951 438161 440205 442305 444446 446496 448305 450510 452751 454890 457027 458937 461265 463627 465751 467595 469785 471941 474021 476043 478273 480363 482288 484188 486531 488709 490823 493058 494972 496925 499005 500849 502869 504717 506507 508160 510507 512748 514975 517127 519320 521484 523516 526050 528447 530478 532538 534855 537002 539091 541239 543381 545456 547602 549701 551706 553891 556077 558402 560579 562694 564814 566963 569093 571116 573202 575327 577405 579409 581543 583700 585953 588414 590830 593074 595415 597766 599945 602087 604236 606383 608477 610600 612767 614940 617067 619229 621342 623330 625397 627481 629512 631433 633445 635575 637472 639789 642212 644478 646703 649034 651262 653426 655625 657782 659898 661974 664081 666213 668314 670448 672372 674439 676765 678889 680962 683056 685235 687367 689637 691874 693972 696153 698342 700472 702700 704809 706960 708897 710927 712967 715043 716943 719253 721587 723829 726192 728511 730710 732982 735172 737070 739185 741620 743857 746036 748319 750506 752564 754698 756993 758956 760763 763255 765654 767910 770207 772476 774366 776652 778512 780735 783131 785434 787598 789758 791861 793794 795536 797826 800069 802197 804396 806404 808347 810600 812604 814638 816561 819024 821196 823455 825662 827801 829722 832090 834221 836173 838151 840354 842653 844923 847050 848996 851241 853627 855733 857764 859888 861972 864048 866243 868465 870469 872553 874958 877138 879473 881598 883772 885917 888041 890067 892164 894131 896095 898507 900873 903134 905259 907414 909525 911432 913723 915793 917816 919660 921760 923779 926018 928246 930451 932511 934644 936891 939075 941178 943345 945498 947616 949854 952092 954180 956319 958322 960366 962452 964855 966875 969065 971432 973730 975906 978157 980377 982519 984378 986621 988952 991170 993456 995630 997777 999924 1002134 1004299 1006316 1008466 1010521 1012492 1014867 1017193 1019317 1021459 1023434 1025720 1027913 1030226 1032416 1034531 1036789 1038983 1041053 1043239 1045475 1047700 1049792 1052054 1054210 1056365 1058583 1060792 1062888 1064917 1067085 1069125 1071262 1073159 1075520 1077548 1079470 1081681 1083822 1085963 1088200 1090319 1092344 1094465 1096608 1098668 1100657 1102492 1104345 1106790 1109091 1111199 1113401 1115591 1117699 1119729 1121942 1124204 1126339 1128373 1130401 1132589 1134890 1137072 1139163 1141330 1143412 1145447 1147553 1149521 1151669 1153811 1156095 1158279 1160298 1162333 1164487 1166624 1168601 1170565 1172601 1174703 1176753 1178782 1180851 1182942 1184893 1187025 1188955 1191228 1193517 1195873 1198263 1200568 1202711 1204929 1207027 1209101 1211115 1213211 1215230 1217220 1219296 1221349 1223290 1225255 1227073 1229192 1231393 1233682 1235915 1238041 1240228 1242422 1244526 1246588 1248716 1250984 1253109 1255189 1257281 1259371 1261538 1263629 1265722 1267719 1269736 1271773 1273617 1275542 1277832 1280127 1282331 1284449 1286396 1288425 1290397 1292427 1294341 1296074 1298304 1300455 1302542 1304547 1306559 1308477 1310482 1312330 1314107 1316282 1318425 1320524 1322769 1324936 1327018 

];

